
if game.PlaceId == 2753915549 then


    local DiscordLib = loadstring(game:HttpGet"https://raw.githubusercontent.com/dawid-scripts/UI-Libs/main/discord%20lib.txt")()
    game.Players.LocalPlayer.Character.Movement.Disabled = true
    local win = DiscordLib:Window("AG HUB Paid - Blox Fruits")
    
    local serv = win:Server("Main", "")
    
    local tgls = serv:Channel("AutoFarm")
    
    local LocalPlay = game:GetService("Players").LocalPlayer
		local Mouse = LocalPlay:GetMouse()
		Mouse.Button1Down:connect(
			function()
				if not game:GetService("UserInputService"):IsKeyDown(Enum.KeyCode.LeftControl) then
					return
				end
				if not Mouse.Target then
					return
				end
				if CTRL then
					Plr.Character:MoveTo(Mouse.Hit.p)
				end
			end)

Playname = {}
		for i,v in pairs(game.Players:GetChildren()) do  
			table.insert(Playname ,v.Name)
		end
		SelectedKillPlayer = ""
		local Player = tgls:Dropdown("SelectedPlayer",Playname,function(SL)
			SelectedKillPlayer = SL
		end)
		tgls:Toggle("KillPlayer(combat)",false,function(vu)
			KillPlayer = vu
			if KillPlayer == false then
				game.Players:FindFirstChild(SelectedKillPlayer).Character.HumanoidRootPart.Size = Vector3.new(1, 1, 1)
			end
			local args = {
				[1] = "Buso"
			}
			game:GetService("ReplicatedStorage").Remotes.CommF_:InvokeServer(unpack(args))


			while KillPlayer do wait()
			    game.Players.LocalPlayer.Character.Humanoid:ChangeState(11)
                sethiddenproperty(game.Players.LocalPlayer, "SimulationRadius", math.huge)
				game.Players.LocalPlayer.Character.HumanoidRootPart.CFrame = game.Players:FindFirstChild(SelectedKillPlayer).Character.HumanoidRootPart.CFrame * CFrame.new(0,-10,0)
				game.Players:FindFirstChild(SelectedKillPlayer).Character.HumanoidRootPart.Size = Vector3.new(60,60,60)
				game:GetService'VirtualUser':CaptureController()
				game:GetService'VirtualUser':Button1Down(Vector2.new(1280, 672))
			end
		end)

-- Wapon
Weapon = {}
		for i,v in pairs(game.Players.LocalPlayer.Backpack:GetChildren()) do  
			if v:IsA("Tool") then
				table.insert(Weapon ,v.Name)
			end
		end
		for i,v in pairs(game.Players.LocalPlayer.Character:GetChildren()) do  
			if v:IsA("Tool") then
				table.insert(Weapon, v.Name)
			end
		end
		-- SelectToolWeapon
		SelectWeapon = ""
		function EquipWeapon(Tool)
			if game.Players.LocalPlayer.Backpack:FindFirstChild(Tool) then
				local tool = game.Players.LocalPlayer.Backpack:FindFirstChild(Tool)
				wait(.4)
				game.Players.LocalPlayer.Character.Humanoid:EquipTool(tool)
			end
		end
		
		local SLWP = serv:Channel("AutoWeapon")
		-- addDropdown
local Drop = SLWP:Dropdown("SelectWeapon",Weapon,function(vu)
			SelectWeapon = vu
end)
	SLWP:Button("RefreshWeapon", function(vu)
	    Refresh = vu
	    if Refresh then
Drop:Clear() 
else 
    SelectWeapon = vu
    


end
end)

    function Quest()
        local MyLevel = game:GetService("Players").LocalPlayer.Data.Level.Value
        if MyLevel == 1 or MyLevel <= 9 then -- Bandit
                NAMEMON = "Bandit [Lv. 5]"
                NAMEQUEST = "BanditQuest1"
                NUMBERQUEST = 1
                CFQUEST = CFrame.new(1061.66699, 16.5166187, 1544.52905, -0.942978859, -3.33851502e-09, 0.332852632, 7.04340497e-09, 1, 2.99841325e-08, -0.332852632, 3.06188177e-08, -0.942978859)
                CFPUK = CFrame.new(1221.0729980469, 57.390892028809, 1519.5075683594)
                CFM = CFrame.new(1166.5871582031, 16.340866088867, 1677.4910888672)
            elseif MyLevel == 10 or MyLevel <= 14 then -- Monkey
                NAMEMON = "Monkey [Lv. 14]"
                NAMEQUEST = "JungleQuest"
                NUMBERQUEST = 1
                CFQUEST = CFrame.new(-1604.12012, 36.8521118, 154.23732, 0.0648873374, -4.70858913e-06, -0.997892559, 1.41431883e-07, 1, -4.70933674e-06, 0.997892559, 1.64442184e-07, 0.0648873374)
                CFPUK = CFrame.new(-1774.37109375, 60.860008239746, 46.497032165527)
                CFM = CFrame.new(-1785.7883300781, 22.852085113525, 1.5498087406158)
            elseif MyLevel == 15 or MyLevel <= 29 then -- Gorilla
                CFM = CFrame.new(-1789.5676269531, 22.852085113525, -46.558128356934)
                NAMEMON = "Gorilla [Lv. 20]"
                NAMEQUEST = "JungleQuest"
                NUMBERQUEST = 2
                CFQUEST = CFrame.new(-1604.12012, 36.8521118, 154.23732, 0.0648873374, -4.70858913e-06, -0.997892559, 1.41431883e-07, 1, -4.70933674e-06, 0.997892559, 1.64442184e-07, 0.0648873374)
                CFPUK = CFrame.new(-1133.3891601563, 54.097164154053, -520.93103027344)
                CFM = CFrame.new(-1234.5366210938, 6.279363155365, -544.36016845703)
            elseif MyLevel == 30 or MyLevel <= 39 then -- Pirate
                NAMEMON = "Pirate [Lv. 35]"
                NAMEQUEST = "BuggyQuest1"
                NUMBERQUEST = 1
                CFQUEST = CFrame.new(-1139.59717, 4.75205183, 3825.16211, -0.959730506, -7.5857054e-09, 0.280922383, -4.06310328e-08, 1, -1.11807175e-07, -0.280922383, -1.18718916e-07, -0.959730506)
                CFPUK = CFrame.new(-1198.9635009766, 44.77783203125, 3831.6071777344)
                CFM = CFrame.new(-1223.5007324219, 4.7520513534546, 3945.4704589844)
            elseif MyLevel == 40 or MyLevel <= 59 then -- Brute
                NAMEMON = "Brute [Lv. 45]"
                NAMEQUEST = "BuggyQuest1"
                NUMBERQUEST = 2
                CFQUEST = CFrame.new(-1139.59717, 4.75205183, 3825.16211, -0.959730506, -7.5857054e-09, 0.280922383, -4.06310328e-08, 1, -1.11807175e-07, -0.280922383, -1.18718916e-07, -0.959730506)
                CFPUK = CFrame.new(-1149.6790771484, 57.1875, 4176.8774414063)
                CFM = CFrame.new(-1316.9389648438, 15.089872360229, 4323.5478515625)
            elseif MyLevel == 60 or MyLevel <= 74 then -- Desert Bandit
                NAMEMON = "Desert Bandit [Lv. 60]"
                NAMEQUEST = "DesertQuest"
                NUMBERQUEST = 1
                CFQUEST = CFrame.new(897.031128, 6.43846416, 4388.97168, -0.804044724, 3.68233266e-08, 0.594568789, 6.97835176e-08, 1, 3.24365246e-08, -0.594568789, 6.75715199e-08, -0.804044724)
                CFPUK = CFrame.new(805.94494628906, 20.94552230835, 4357.80078125)
                CFM = CFrame.new(928.181640625, 6.4481287002563, 4475.3374023438)
            elseif MyLevel == 75 or MyLevel <= 89 then -- Desert Officre
                NAMEMON = "Desert Officer [Lv. 70]"
                NAMEQUEST = "DesertQuest"
                NUMBERQUEST = 2
                CFQUEST = CFrame.new(897.031128, 6.43846416, 4388.97168, -0.804044724, 3.68233266e-08, 0.594568789, 6.97835176e-08, 1, 3.24365246e-08, -0.594568789, 6.75715199e-08, -0.804044724)
                CFPUK = CFrame.new(1468.8266601563, 14.677843093872, 4407.4418945313)
                CFM = CFrame.new(1643.4937744141, 1.210969209671, 4363.7998046875)
            elseif MyLevel == 90 or MyLevel <= 99 then -- Snow Bandits
                NAMEMON = "Snow Bandit [Lv. 90]"
                NAMEQUEST = "SnowQuest"
                NUMBERQUEST = 1
                CFQUEST = CFrame.new(1384.14001, 87.272789, -1297.06482, 0.348555952, -2.53947841e-09, -0.937287986, 1.49860568e-08, 1, 2.86358204e-09, 0.937287986, -1.50443711e-08, 0.348555952)
                CFPUK = CFrame.new(1414.6539306641, 86.937126159668, -1287.0657958984)
                CFM = CFrame.new(1240.6696777344, 87.272766113281, -1348.1037597656)
            elseif MyLevel == 100 or MyLevel <= 119 then -- Snowman
                NAMEMON = "Snowman [Lv. 100]"
                NAMEQUEST = "SnowQuest"
                NUMBERQUEST = 2
                CFQUEST = CFrame.new(1384.14001, 87.272789, -1297.06482, 0.348555952, -2.53947841e-09, -0.937287986, 1.49860568e-08, 1, 2.86358204e-09, 0.937287986, -1.50443711e-08, 0.348555952)
                CFPUK = CFrame.new(1007.452331543, 133.08332824707, -1594.0411376953)
                CFM = CFrame.new(1110.1461181641, 105.76805877686, -1618.0068359375)
            elseif MyLevel == 120 or MyLevel <= 149 then -- Chief Petty Officer
                NAMEMON = "Chief Petty Officer [Lv. 120]"
                NAMEQUEST = "MarineQuest2"
                NUMBERQUEST = 1
                CFQUEST = CFrame.new(-5035.0835, 28.6520386, 4325.29443, 0.0243340395, -7.08064647e-08, 0.999703884, -6.36926814e-08, 1, 7.23777944e-08, -0.999703884, -6.54350671e-08, 0.0243340395)
                CFPUK = CFrame.new(-4928.982421875, 157.81146240234, 4317.98046875)
                CFM = CFrame.new(-4658.2138671875, 20.652032852173, 4425.458984375)
            elseif MyLevel == 150 or MyLevel <= 174 then -- Sky Bandit
                NAMEMON = "Sky Bandit [Lv. 150]"
                NAMEQUEST = "SkyQuest"
                NUMBERQUEST = 1
                CFQUEST = CFrame.new(-4841.83447, 717.669617, -2623.96436, -0.875942111, 5.59710216e-08, -0.482416272, 3.04023082e-08, 1, 6.08195947e-08, 0.482416272, 3.86078725e-08, -0.875942111)
                CFPUK = CFrame.new(-4930.1630859375, 345.59069824219, -3022.9479980469)
                CFM = CFrame.new(-5017.8369140625, 278.06719970703, -2865.0737304688)
            elseif MyLevel == 175 or MyLevel <= 224 then -- Dark Master
                NAMEMON = "Dark Master [Lv. 175]"
                NAMEQUEST = "SkyQuest"
                NUMBERQUEST = 2
                CFQUEST = CFrame.new(-4841.83447, 717.669617, -2623.96436, -0.875942111, 5.59710216e-08, -0.482416272, 3.04023082e-08, 1, 6.08195947e-08, 0.482416272, 3.86078725e-08, -0.875942111)
                CFPUK = CFrame.new(-5172.0805664063, 500.80151367188, -2455.4348144531)
                CFM = CFrame.new(-5237.7626953125, 388.65194702148, -2153.8889160156)
            elseif MyLevel == 225 or MyLevel <= 274 then -- Toga Warrior
                NAMEMON = "Toga Warrior [Lv. 225]"
                NAMEQUEST = "ColosseumQuest"
                NUMBERQUEST = 1
                CFQUEST = CFrame.new(-1576.11743, 7.38933945, -2983.30762, 0.576966345, 1.22114863e-09, 0.816767931, -3.58496594e-10, 1, -1.24185606e-09, -0.816767931, 4.2370063e-10, 0.576966345)
                CFPUK =CFrame.new(-1997.6246337891, 39.396636962891, -2884.7023925781)
                CFM = CFrame.new(-1949.8349609375, 7.2890725135803, -2767.2380371094)
            elseif MyLevel == 275 or MyLevel <= 299 then -- Gladiato
                NAMEMON = "Gladiator [Lv. 275]"
                NAMEQUEST = "ColosseumQuest"
                NUMBERQUEST = 2
                CFQUEST = CFrame.new(-1576.11743, 7.38933945, -2983.30762, 0.576966345, 1.22114863e-09, 0.816767931, -3.58496594e-10, 1, -1.24185606e-09, -0.816767931, 4.2370063e-10, 0.576966345)
                CFPUK = CFrame.new(-1493.1932373047, 39.39603805542, -3326.3317871094)
                CFM = CFrame.new(-1280.6323242188, 7.4425458908081, -3248.9389648438)
            elseif MyLevel == 300 or MyLevel <= 329 then -- Military Soldier
                NAMEMON = "Military Soldier [Lv. 300]"
                NAMEQUEST = "MagmaQuest"
                NUMBERQUEST = 1
                CFQUEST = CFrame.new(-5316.55859, 12.2370615, 8517.2998, 0.588437557, -1.37880001e-08, -0.808542669, -2.10116209e-08, 1, -3.23446478e-08, 0.808542669, 3.60215964e-08, 0.588437557)
                CFPUK = CFrame.new(-5348.2138671875, 51.17809677124, 8737.2431640625)
                CFM = CFrame.new(-5554.4716796875, 8.5906734466553, 8417.4755859375)
            elseif MyLevel == 300 or MyLevel <= 374 then -- Military Spy
                NAMEMON = "Military Spy [Lv. 330]"
                NAMEQUEST = "MagmaQuest"
                NUMBERQUEST = 2
                CFQUEST = CFrame.new(-5316.55859, 12.2370615, 8517.2998, 0.588437557, -1.37880001e-08, -0.808542669, -2.10116209e-08, 1, -3.23446478e-08, 0.808542669, 3.60215964e-08, 0.588437557)
                CFPUK = CFrame.new(-5887.0732421875, 46.963508605957, 9017.7353515625)
                CFM = CFrame.new(-5854.5893554688, 77.23063659668, 8838.91796875)
            elseif MyLevel == 375 or MyLevel <= 399 then -- Fishman Warrior
                NAMEMON = "Fishman Warrior [Lv. 375]"
                NAMEQUEST = "FishmanQuest"
                NUMBERQUEST = 1
                CFQUEST = CFrame.new(61122.5625, 18.4716396, 1568.16504, 0.893533468, 3.95251609e-09, 0.448996574, -2.34327455e-08, 1, 3.78297464e-08, -0.448996574, -4.43233645e-08, 0.893533468)
                CFPUK = CFrame.new(60860.73046875, 108.50984954834, 1696.4050292969)
                CFM = CFrame.new(60855.87890625, 18.47163772583, 1421.5927734375)
            elseif MyLevel == 400 or MyLevel <= 449 then -- Fishman Commando
                NAMEMON = "Fishman Commando [Lv. 400]"
                NAMEQUEST = "FishmanQuest"
                NUMBERQUEST = 2
                CFQUEST = CFrame.new(61122.5625, 18.4716396, 1568.16504, 0.893533468, 3.95251609e-09, 0.448996574, -2.34327455e-08, 1, 3.78297464e-08, -0.448996574, -4.43233645e-08, 0.893533468)
                CFPUK = CFrame.new(61931.2890625, 108.50984954834, 1554.2384033203)
                CFM = CFrame.new(61966.3046875, 18.482820510864, 1341.7495117188)
            elseif MyLevel == 450 or MyLevel <= 474 then -- God's Guards
                NAMEMON = "God's Guard [Lv. 450]"
                NAMEQUEST = "SkyExp1Quest"
                NUMBERQUEST = 1
                CFQUEST = CFrame.new(-4721.71436, 845.277161, -1954.20105, -0.999277651, -5.56969759e-09, 0.0380011722, -4.14751478e-09, 1, 3.75035256e-08, -0.0380011722, 3.73188307e-08, -0.999277651)
                CFPUK = CFrame.new(-4543.8208007813, 905.34094238281, -1918.3909912109)
                CFM = CFrame.new(-4624.20703125, 845.07659912109, -1871.3171386719)
            elseif MyLevel == 475 or MyLevel <= 524 then -- Shandas
                NAMEMON = "Shanda [Lv. 475]"
                NAMEQUEST = "SkyExp1Quest"
                NUMBERQUEST = 2
                CFQUEST = CFrame.new(-7863.63672, 5545.49316, -379.826324, 0.362120807, -1.98046344e-08, -0.93213129, 4.05822291e-08, 1, -5.48095125e-09, 0.93213129, -3.58431969e-08, 0.362120807)
                CFPUK = CFrame.new(-7633.181640625, 5545.517578125, -316.40548706055)
                CFM = CFrame.new(-7600.8896484375, 5545.4916992188, -552.33758544922)
            elseif MyLevel == 525 or MyLevel <= 549 then -- Royal Squad
                NAMEMON = "Royal Squad [Lv. 525]"
                NAMEQUEST = "SkyExp2Quest"
                NUMBERQUEST = 1
                CFQUEST = CFrame.new(-7902.66895, 5635.96387, -1411.71802, 0.0504222959, 2.5710392e-08, 0.998727977, 1.12541557e-07, 1, -3.14249675e-08, -0.998727977, 1.13982921e-07, 0.0504222959)
                CFPUK = CFrame.new(-7531.2758789063, 5606.9033203125, -1341.0496826172)
                CFM = CFrame.new(-7590.029296875, 5606.876953125, -1441.2878417969)
            elseif MyLevel == 550 or MyLevel <= 624 then -- Royal Soldier
                NAMEMON = "Royal Soldier [Lv. 550]"
                NAMEQUEST = "SkyExp2Quest"
                NUMBERQUEST = 2
                CFQUEST = CFrame.new(-7902.66895, 5635.96387, -1411.71802, 0.0504222959, 2.5710392e-08, 0.998727977, 1.12541557e-07, 1, -3.14249675e-08, -0.998727977, 1.13982921e-07, 0.0504222959)
                CFPUK = CFrame.new(-8061.322265625, 5682.0571289063, -1997.0264892578)
                CFM = CFrame.new(-7720.9702148438, 5606.876953125, -1667.6120605469)
            elseif MyLevel == 625 or MyLevel <= 649 then -- Galley Pirate
                NAMEMON = "Galley Pirate [Lv. 625]"
                NAMEQUEST = "FountainQuest"
                NUMBERQUEST = 1
                CFQUEST = CFrame.new(5254.60156, 38.5011406, 4049.69678, -0.0504891425, -3.62066501e-08, -0.998724639, -9.87921389e-09, 1, -3.57534553e-08, 0.998724639, 8.06145284e-09, -0.0504891425)
                CFPUK = CFrame.new(5551.1220703125, 110.21348571777, 4082.6567382813)
                CFM = CFrame.new(5598.1142578125, 54.546047210693, 4031.6364746094)
            elseif MyLevel >= 650 then -- Galley Captain
                NAMEMON = "Galley Captain [Lv. 650]"
                NAMEQUEST = "FountainQuest"
                NUMBERQUEST = 2
                 CFQUEST = CFrame.new(5254.60156, 38.5011406, 4049.69678, -0.0504891425, -3.62066501e-08, -0.998724639, -9.87921389e-09, 1, -3.57534553e-08, 0.998724639, 8.06145284e-09, -0.0504891425)
                CFPUK = CFrame.new(6010.5703125, 72.960571289063, 4896.55859375)
                CFM = CFrame.new(5623.4233398438, 64.302757263184, 4834.4291992188)
    end
    pcall(function()
    function takequest()
    local A_1 = "StartQuest"
    local A_2 = NAMEQUEST
    local A_3 = NUMBERQUEST
    local Event = game:GetService("ReplicatedStorage").Remotes["CommF_"]
    Event:InvokeServer(A_1, A_2, A_3)
    wait()
    end
    if game:GetService("Players").LocalPlayer.PlayerGui.Main.Quest.Visible == true then
        
    else
    game.Players.LocalPlayer.Character.HumanoidRootPart.CFrame = CFQUEST
    takequest()
    end
    
    game.Players.LocalPlayer.Character.Humanoid:ChangeState(11)
    
    
    for i,v in pairs(game:GetService("Workspace").Enemies:GetChildren()) do
    if v.Name == NAMEMON then
        
    if v.Humanoid.Health == 0 or game.Players.LocalPlayer.Character.Humanoid.Health == 0 then
    game.Players.LocalPlayer.Character.HumanoidRootPart.CFrame = CFPUK
    
    else
         EquipWeapon(SelectWeapon)
        sethiddenproperty(game.Players.LocalPlayer, "SimulationRadius", math.huge)
        v.HumanoidRootPart.CanCollide = false
         v.HumanoidRootPart.CFrame = CFM
        v.HumanoidRootPart.Size = Vector3.new(30,30,30)
        v.Humanoid:ChangeState(11)
    v.HumanoidRootPart.Transparency = 1
    game:GetService'VirtualUser':CaptureController()
    game:GetService'VirtualUser':Button1Down(Vector2.new(31, 123))
    game.Players.LocalPlayer.Character.HumanoidRootPart.CFrame = v.HumanoidRootPart.CFrame * CFrame.new(0,20,0)
        
    end
    end
    end
    end)
    end
    
    -- Farm no bring
     function AQuest()
        local MyLevel = game:GetService("Players").LocalPlayer.Data.Level.Value
        if MyLevel == 1 or MyLevel <= 9 then -- Bandit
                NAMEMON = "Bandit [Lv. 5]"
                NAMEQUEST = "BanditQuest1"
                NUMBERQUEST = 1
                CFQUEST = CFrame.new(1061.66699, 16.5166187, 1544.52905, -0.942978859, -3.33851502e-09, 0.332852632, 7.04340497e-09, 1, 2.99841325e-08, -0.332852632, 3.06188177e-08, -0.942978859)
                CFPUK = CFrame.new(1221.0729980469, 57.390892028809, 1519.5075683594)
                CFM = CFrame.new(1166.5871582031, 16.340866088867, 1677.4910888672)
            elseif MyLevel == 10 or MyLevel <= 14 then -- Monkey
                NAMEMON = "Monkey [Lv. 14]"
                NAMEQUEST = "JungleQuest"
                NUMBERQUEST = 1
                CFQUEST = CFrame.new(-1604.12012, 36.8521118, 154.23732, 0.0648873374, -4.70858913e-06, -0.997892559, 1.41431883e-07, 1, -4.70933674e-06, 0.997892559, 1.64442184e-07, 0.0648873374)
                CFPUK = CFrame.new(-1774.37109375, 60.860008239746, 46.497032165527)
                CFM = CFrame.new(-1785.7883300781, 22.852085113525, 1.5498087406158)
            elseif MyLevel == 15 or MyLevel <= 29 then -- Gorilla
                CFM = CFrame.new(-1789.5676269531, 22.852085113525, -46.558128356934)
                NAMEMON = "Gorilla [Lv. 20]"
                NAMEQUEST = "JungleQuest"
                NUMBERQUEST = 2
                CFQUEST = CFrame.new(-1604.12012, 36.8521118, 154.23732, 0.0648873374, -4.70858913e-06, -0.997892559, 1.41431883e-07, 1, -4.70933674e-06, 0.997892559, 1.64442184e-07, 0.0648873374)
                CFPUK = CFrame.new(-1133.3891601563, 54.097164154053, -520.93103027344)
                CFM = CFrame.new(-1234.5366210938, 6.279363155365, -544.36016845703)
            elseif MyLevel == 30 or MyLevel <= 39 then -- Pirate
                NAMEMON = "Pirate [Lv. 35]"
                NAMEQUEST = "BuggyQuest1"
                NUMBERQUEST = 1
                CFQUEST = CFrame.new(-1139.59717, 4.75205183, 3825.16211, -0.959730506, -7.5857054e-09, 0.280922383, -4.06310328e-08, 1, -1.11807175e-07, -0.280922383, -1.18718916e-07, -0.959730506)
                CFPUK = CFrame.new(-1198.9635009766, 44.77783203125, 3831.6071777344)
                CFM = CFrame.new(-1223.5007324219, 4.7520513534546, 3945.4704589844)
            elseif MyLevel == 40 or MyLevel <= 59 then -- Brute
                NAMEMON = "Brute [Lv. 45]"
                NAMEQUEST = "BuggyQuest1"
                NUMBERQUEST = 2
                CFQUEST = CFrame.new(-1139.59717, 4.75205183, 3825.16211, -0.959730506, -7.5857054e-09, 0.280922383, -4.06310328e-08, 1, -1.11807175e-07, -0.280922383, -1.18718916e-07, -0.959730506)
                CFPUK = CFrame.new(-1149.6790771484, 57.1875, 4176.8774414063)
                CFM = CFrame.new(-1316.9389648438, 15.089872360229, 4323.5478515625)
            elseif MyLevel == 60 or MyLevel <= 74 then -- Desert Bandit
                NAMEMON = "Desert Bandit [Lv. 60]"
                NAMEQUEST = "DesertQuest"
                NUMBERQUEST = 1
                CFQUEST = CFrame.new(897.031128, 6.43846416, 4388.97168, -0.804044724, 3.68233266e-08, 0.594568789, 6.97835176e-08, 1, 3.24365246e-08, -0.594568789, 6.75715199e-08, -0.804044724)
                CFPUK = CFrame.new(805.94494628906, 20.94552230835, 4357.80078125)
                CFM = CFrame.new(928.181640625, 6.4481287002563, 4475.3374023438)
            elseif MyLevel == 75 or MyLevel <= 89 then -- Desert Officre
                NAMEMON = "Desert Officer [Lv. 70]"
                NAMEQUEST = "DesertQuest"
                NUMBERQUEST = 2
                CFQUEST = CFrame.new(897.031128, 6.43846416, 4388.97168, -0.804044724, 3.68233266e-08, 0.594568789, 6.97835176e-08, 1, 3.24365246e-08, -0.594568789, 6.75715199e-08, -0.804044724)
                CFPUK = CFrame.new(1468.8266601563, 14.677843093872, 4407.4418945313)
                CFM = CFrame.new(1643.4937744141, 1.210969209671, 4363.7998046875)
            elseif MyLevel == 90 or MyLevel <= 99 then -- Snow Bandits
                NAMEMON = "Snow Bandit [Lv. 90]"
                NAMEQUEST = "SnowQuest"
                NUMBERQUEST = 1
                CFQUEST = CFrame.new(1384.14001, 87.272789, -1297.06482, 0.348555952, -2.53947841e-09, -0.937287986, 1.49860568e-08, 1, 2.86358204e-09, 0.937287986, -1.50443711e-08, 0.348555952)
                CFPUK = CFrame.new(1414.6539306641, 86.937126159668, -1287.0657958984)
                CFM = CFrame.new(1240.6696777344, 87.272766113281, -1348.1037597656)
            elseif MyLevel == 100 or MyLevel <= 119 then -- Snowman
                NAMEMON = "Snowman [Lv. 100]"
                NAMEQUEST = "SnowQuest"
                NUMBERQUEST = 2
                CFQUEST = CFrame.new(1384.14001, 87.272789, -1297.06482, 0.348555952, -2.53947841e-09, -0.937287986, 1.49860568e-08, 1, 2.86358204e-09, 0.937287986, -1.50443711e-08, 0.348555952)
                CFPUK = CFrame.new(1007.452331543, 133.08332824707, -1594.0411376953)
                CFM = CFrame.new(1110.1461181641, 105.76805877686, -1618.0068359375)
            elseif MyLevel == 120 or MyLevel <= 149 then -- Chief Petty Officer
                NAMEMON = "Chief Petty Officer [Lv. 120]"
                NAMEQUEST = "MarineQuest2"
                NUMBERQUEST = 1
                CFQUEST = CFrame.new(-5035.0835, 28.6520386, 4325.29443, 0.0243340395, -7.08064647e-08, 0.999703884, -6.36926814e-08, 1, 7.23777944e-08, -0.999703884, -6.54350671e-08, 0.0243340395)
                CFPUK = CFrame.new(-4928.982421875, 157.81146240234, 4317.98046875)
                CFM = CFrame.new(-4658.2138671875, 20.652032852173, 4425.458984375)
            elseif MyLevel == 150 or MyLevel <= 174 then -- Sky Bandit
                NAMEMON = "Sky Bandit [Lv. 150]"
                NAMEQUEST = "SkyQuest"
                NUMBERQUEST = 1
                CFQUEST = CFrame.new(-4841.83447, 717.669617, -2623.96436, -0.875942111, 5.59710216e-08, -0.482416272, 3.04023082e-08, 1, 6.08195947e-08, 0.482416272, 3.86078725e-08, -0.875942111)
                CFPUK = CFrame.new(-4930.1630859375, 345.59069824219, -3022.9479980469)
                CFM = CFrame.new(-5017.8369140625, 278.06719970703, -2865.0737304688)
            elseif MyLevel == 175 or MyLevel <= 224 then -- Dark Master
                NAMEMON = "Dark Master [Lv. 175]"
                NAMEQUEST = "SkyQuest"
                NUMBERQUEST = 2
                CFQUEST = CFrame.new(-4841.83447, 717.669617, -2623.96436, -0.875942111, 5.59710216e-08, -0.482416272, 3.04023082e-08, 1, 6.08195947e-08, 0.482416272, 3.86078725e-08, -0.875942111)
                CFPUK = CFrame.new(-5172.0805664063, 500.80151367188, -2455.4348144531)
                CFM = CFrame.new(-5237.7626953125, 388.65194702148, -2153.8889160156)
            elseif MyLevel == 225 or MyLevel <= 274 then -- Toga Warrior
                NAMEMON = "Toga Warrior [Lv. 225]"
                NAMEQUEST = "ColosseumQuest"
                NUMBERQUEST = 1
                CFQUEST = CFrame.new(-1576.11743, 7.38933945, -2983.30762, 0.576966345, 1.22114863e-09, 0.816767931, -3.58496594e-10, 1, -1.24185606e-09, -0.816767931, 4.2370063e-10, 0.576966345)
                CFPUK =CFrame.new(-1997.6246337891, 39.396636962891, -2884.7023925781)
                CFM = CFrame.new(-1949.8349609375, 7.2890725135803, -2767.2380371094)
            elseif MyLevel == 275 or MyLevel <= 299 then -- Gladiato
                NAMEMON = "Gladiator [Lv. 275]"
                NAMEQUEST = "ColosseumQuest"
                NUMBERQUEST = 2
                CFQUEST = CFrame.new(-1576.11743, 7.38933945, -2983.30762, 0.576966345, 1.22114863e-09, 0.816767931, -3.58496594e-10, 1, -1.24185606e-09, -0.816767931, 4.2370063e-10, 0.576966345)
                CFPUK = CFrame.new(-1493.1932373047, 39.39603805542, -3326.3317871094)
                CFM = CFrame.new(-1280.6323242188, 7.4425458908081, -3248.9389648438)
            elseif MyLevel == 300 or MyLevel <= 329 then -- Military Soldier
                NAMEMON = "Military Soldier [Lv. 300]"
                NAMEQUEST = "MagmaQuest"
                NUMBERQUEST = 1
                CFQUEST = CFrame.new(-5316.55859, 12.2370615, 8517.2998, 0.588437557, -1.37880001e-08, -0.808542669, -2.10116209e-08, 1, -3.23446478e-08, 0.808542669, 3.60215964e-08, 0.588437557)
                CFPUK = CFrame.new(-5348.2138671875, 51.17809677124, 8737.2431640625)
                CFM = CFrame.new(-5554.4716796875, 8.5906734466553, 8417.4755859375)
            elseif MyLevel == 300 or MyLevel <= 374 then -- Military Spy
                NAMEMON = "Military Spy [Lv. 330]"
                NAMEQUEST = "MagmaQuest"
                NUMBERQUEST = 2
                CFQUEST = CFrame.new(-5316.55859, 12.2370615, 8517.2998, 0.588437557, -1.37880001e-08, -0.808542669, -2.10116209e-08, 1, -3.23446478e-08, 0.808542669, 3.60215964e-08, 0.588437557)
                CFPUK = CFrame.new(-5887.0732421875, 46.963508605957, 9017.7353515625)
                CFM = CFrame.new(-5854.5893554688, 77.23063659668, 8838.91796875)
            elseif MyLevel == 375 or MyLevel <= 399 then -- Fishman Warrior
                NAMEMON = "Fishman Warrior [Lv. 375]"
                NAMEQUEST = "FishmanQuest"
                NUMBERQUEST = 1
                CFQUEST = CFrame.new(61122.5625, 18.4716396, 1568.16504, 0.893533468, 3.95251609e-09, 0.448996574, -2.34327455e-08, 1, 3.78297464e-08, -0.448996574, -4.43233645e-08, 0.893533468)
                CFPUK = CFrame.new(60860.73046875, 108.50984954834, 1696.4050292969)
                CFM = CFrame.new(60855.87890625, 18.47163772583, 1421.5927734375)
            elseif MyLevel == 400 or MyLevel <= 449 then -- Fishman Commando
                NAMEMON = "Fishman Commando [Lv. 400]"
                NAMEQUEST = "FishmanQuest"
                NUMBERQUEST = 2
                CFQUEST = CFrame.new(61122.5625, 18.4716396, 1568.16504, 0.893533468, 3.95251609e-09, 0.448996574, -2.34327455e-08, 1, 3.78297464e-08, -0.448996574, -4.43233645e-08, 0.893533468)
                CFPUK = CFrame.new(61931.2890625, 108.50984954834, 1554.2384033203)
                CFM = CFrame.new(61966.3046875, 18.482820510864, 1341.7495117188)
            elseif MyLevel == 450 or MyLevel <= 474 then -- God's Guards
                NAMEMON = "God's Guard [Lv. 450]"
                NAMEQUEST = "SkyExp1Quest"
                NUMBERQUEST = 1
                CFQUEST = CFrame.new(-4721.71436, 845.277161, -1954.20105, -0.999277651, -5.56969759e-09, 0.0380011722, -4.14751478e-09, 1, 3.75035256e-08, -0.0380011722, 3.73188307e-08, -0.999277651)
                CFPUK = CFrame.new(-4543.8208007813, 905.34094238281, -1918.3909912109)
                CFM = CFrame.new(-4624.20703125, 845.07659912109, -1871.3171386719)
            elseif MyLevel == 475 or MyLevel <= 524 then -- Shandas
                NAMEMON = "Shanda [Lv. 475]"
                NAMEQUEST = "SkyExp1Quest"
                NUMBERQUEST = 2
                CFQUEST = CFrame.new(-7863.63672, 5545.49316, -379.826324, 0.362120807, -1.98046344e-08, -0.93213129, 4.05822291e-08, 1, -5.48095125e-09, 0.93213129, -3.58431969e-08, 0.362120807)
                CFPUK = CFrame.new(-7633.181640625, 5545.517578125, -316.40548706055)
                CFM = CFrame.new(-7600.8896484375, 5545.4916992188, -552.33758544922)
            elseif MyLevel == 525 or MyLevel <= 549 then -- Royal Squad
                NAMEMON = "Royal Squad [Lv. 525]"
                NAMEQUEST = "SkyExp2Quest"
                NUMBERQUEST = 1
                CFQUEST = CFrame.new(-7902.66895, 5635.96387, -1411.71802, 0.0504222959, 2.5710392e-08, 0.998727977, 1.12541557e-07, 1, -3.14249675e-08, -0.998727977, 1.13982921e-07, 0.0504222959)
                CFPUK = CFrame.new(-7531.2758789063, 5606.9033203125, -1341.0496826172)
                CFM = CFrame.new(-7590.029296875, 5606.876953125, -1441.2878417969)
            elseif MyLevel == 550 or MyLevel <= 624 then -- Royal Soldier
                NAMEMON = "Royal Soldier [Lv. 550]"
                NAMEQUEST = "SkyExp2Quest"
                NUMBERQUEST = 2
                CFQUEST = CFrame.new(-7902.66895, 5635.96387, -1411.71802, 0.0504222959, 2.5710392e-08, 0.998727977, 1.12541557e-07, 1, -3.14249675e-08, -0.998727977, 1.13982921e-07, 0.0504222959)
                CFPUK = CFrame.new(-8061.322265625, 5682.0571289063, -1997.0264892578)
                CFM = CFrame.new(-7720.9702148438, 5606.876953125, -1667.6120605469)
            elseif MyLevel == 625 or MyLevel <= 649 then -- Galley Pirate
                NAMEMON = "Galley Pirate [Lv. 625]"
                NAMEQUEST = "FountainQuest"
                NUMBERQUEST = 1
                CFQUEST = CFrame.new(5254.60156, 38.5011406, 4049.69678, -0.0504891425, -3.62066501e-08, -0.998724639, -9.87921389e-09, 1, -3.57534553e-08, 0.998724639, 8.06145284e-09, -0.0504891425)
                CFPUK = CFrame.new(5551.1220703125, 110.21348571777, 4082.6567382813)
                CFM = CFrame.new(5598.1142578125, 54.546047210693, 4031.6364746094)
            elseif MyLevel >= 650 then -- Galley Captain
                NAMEMON = "Galley Captain [Lv. 650]"
                NAMEQUEST = "FountainQuest"
                NUMBERQUEST = 2
                 CFQUEST = CFrame.new(5254.60156, 38.5011406, 4049.69678, -0.0504891425, -3.62066501e-08, -0.998724639, -9.87921389e-09, 1, -3.57534553e-08, 0.998724639, 8.06145284e-09, -0.0504891425)
                CFPUK = CFrame.new(6010.5703125, 72.960571289063, 4896.55859375)
                CFM = CFrame.new(5623.4233398438, 64.302757263184, 4834.4291992188)
    end
    pcall(function()
    function takequest()
    local A_1 = "StartQuest"
    local A_2 = NAMEQUEST
    local A_3 = NUMBERQUEST
    local Event = game:GetService("ReplicatedStorage").Remotes["CommF_"]
    Event:InvokeServer(A_1, A_2, A_3)
    wait()
    end
    if game:GetService("Players").LocalPlayer.PlayerGui.Main.Quest.Visible == true then
        
    else
    game.Players.LocalPlayer.Character.HumanoidRootPart.CFrame = CFQUEST
    takequest()
    end
    
    game.Players.LocalPlayer.Character.Humanoid:ChangeState(11)
    
    
    for i,v in pairs(game:GetService("Workspace").Enemies:GetChildren()) do
    if v.Name == NAMEMON then
        
    if v.Humanoid.Health == 0 or game.Players.LocalPlayer.Character.Humanoid.Health == 0 then
    game.Players.LocalPlayer.Character.HumanoidRootPart.CFrame = CFPUK
    
    else
        EquipWeapon(SelectWeapon)
        v.HumanoidRootPart.CanCollide = false
        v.HumanoidRootPart.Size = Vector3.new(60,60,60)
        v.Humanoid:ChangeState(11)
    v.HumanoidRootPart.Transparency = 1
    game:GetService'VirtualUser':CaptureController()
    game:GetService'VirtualUser':Button1Down(Vector2.new(31, 123))
    game.Players.LocalPlayer.Character.HumanoidRootPart.CFrame = v.HumanoidRootPart.CFrame * CFrame.new(0,20,0)
        
    end
    end
    end
    end)
    end
    
     tgls:Toggle("AutoFarm-ธรรมม้ะดา",false, function(value)
    shared.Aruh = value
    local args = {
                    [1] = "AbandonQuest"
                }
                game:GetService("ReplicatedStorage").Remotes.CommF_:InvokeServer(unpack(args))

local args = {
    [1] = "Buso"
}

game:GetService("ReplicatedStorage").Remotes.CommF_:InvokeServer(unpack(args))
if game.Players.LocalPlayer.Character.Humanoid.Health <= 0 then

local args = {
    [1] = "Buso"
}

game:GetService("ReplicatedStorage").Remotes.CommF_:InvokeServer(unpack(args))
end
    end)
    spawn(function()
    while wait() do
    if shared.Aruh then
    AQuest()
    wait()
    end
    end
    end)
    
    tgls:Toggle("AutoFarm-Bring",false, function(value)
    shared.Bruh = value
    local args = {
                    [1] = "AbandonQuest"
                }
                game:GetService("ReplicatedStorage").Remotes.CommF_:InvokeServer(unpack(args))
                local args = {
    [1] = "Buso"
}

game:GetService("ReplicatedStorage").Remotes.CommF_:InvokeServer(unpack(args))
if game.Players.LocalPlayer.CHaracter.Humanoid.Health <= 0 then

local args = {
    [1] = "Buso"
}

game:GetService("ReplicatedStorage").Remotes.CommF_:InvokeServer(unpack(args))
end
    end)
    spawn(function()
    while wait() do
    if shared.Bruh then
    Quest()
    wait()
    end
    end
    end)
    
    tgls:Toggle("AutoSuperHuman",false, function(value)
    Superhuman = value
                while Superhuman do wait()
                    if Superhuman then
                        if game.Players.LocalPlayer.Backpack:FindFirstChild("Combat") or game.Players.LocalPlayer.Character:FindFirstChild("Combat") then
                            local args = {
                                [1] = "BuyBlackLeg"
                            }
                            game:GetService("ReplicatedStorage").Remotes.CommF_:InvokeServer(unpack(args))
                        end   
                        if game.Players.LocalPlayer.Character:FindFirstChild("Superhuman") or game.Players.LocalPlayer.Backpack:FindFirstChild("Superhuman") then
                           local SPHUMAN = "Superhuman"
if game.Players.LocalPlayer.Backpack:FindFirstChild(SPHUMAN) then
      local tool = game.Players.LocalPlayer.Backpack:FindFirstChild(SPHUMAN)
      wait(.4)
      game.Players.LocalPlayer.Character.Humanoid:EquipTool(tool)
end
                        end  
                        if game.Players.LocalPlayer.Backpack:FindFirstChild("Black Leg") or game.Players.LocalPlayer.Character:FindFirstChild("Black Leg") or game.Players.LocalPlayer.Backpack:FindFirstChild("Electro") or game.Players.LocalPlayer.Character:FindFirstChild("Electro") or game.Players.LocalPlayer.Backpack:FindFirstChild("Fishman Karate") or game.Players.LocalPlayer.Character:FindFirstChild("Fishman Karate") or game.Players.LocalPlayer.Backpack:FindFirstChild("Dragon Claw") or game.Players.LocalPlayer.Character:FindFirstChild("Dragon Claw") then
                            if game.Players.LocalPlayer.Backpack:FindFirstChild("Black Leg") and game.Players.LocalPlayer.Backpack:FindFirstChild("Black Leg").Level.Value <= 299 then
                                local BLLEG = "Black Leg"
if game.Players.LocalPlayer.Backpack:FindFirstChild(BLLEG) then
      local tool = game.Players.LocalPlayer.Backpack:FindFirstChild(BLLEG)
      wait(.4)
      game.Players.LocalPlayer.Character.Humanoid:EquipTool(tool)
end
                            end
                            if game.Players.LocalPlayer.Backpack:FindFirstChild("Electro") and game.Players.LocalPlayer.Backpack:FindFirstChild("Electro").Level.Value <= 299 then
                                 local ELTRO = "Electro"
if game.Players.LocalPlayer.Backpack:FindFirstChild(ELTRO) then
      local tool = game.Players.LocalPlayer.Backpack:FindFirstChild(ELTRO)
      wait(.4)
      game.Players.LocalPlayer.Character.Humanoid:EquipTool(tool)
end
                            end
                            if game.Players.LocalPlayer.Backpack:FindFirstChild("Fishman Karate") and game.Players.LocalPlayer.Backpack:FindFirstChild("Fishman Karate").Level.Value <= 299 then
                                local FKARATE = "Fishman Karate"
if game.Players.LocalPlayer.Backpack:FindFirstChild(FKARATE) then
      local tool = game.Players.LocalPlayer.Backpack:FindFirstChild(FKARATE)
      wait(.4)
      game.Players.LocalPlayer.Character.Humanoid:EquipTool(tool)
end
                            end
                            if game.Players.LocalPlayer.Backpack:FindFirstChild("Dragon Claw") and game.Players.LocalPlayer.Backpack:FindFirstChild("Dragon Claw").Level.Value <= 299 then
                                local DGCLAW = "Dragon Claw"
if game.Players.LocalPlayer.Backpack:FindFirstChild(DGCLAW) then
      local tool = game.Players.LocalPlayer.Backpack:FindFirstChild(DGCLAW)
      wait(.4)
      game.Players.LocalPlayer.Character.Humanoid:EquipTool(tool)
end
                            end
                            if game.Players.LocalPlayer.Backpack:FindFirstChild("Black Leg") and game.Players.LocalPlayer.Backpack:FindFirstChild("Black Leg").Level.Value >= 300 then
                                local args = {
                                    [1] = "BuyElectro"
                                }
                                game:GetService("ReplicatedStorage").Remotes.CommF_:InvokeServer(unpack(args))
                            end
                            if game.Players.LocalPlayer.Character:FindFirstChild("Black Leg") and game.Players.LocalPlayer.Character:FindFirstChild("Black Leg").Level.Value >= 300 then
                                local args = {
                                    [1] = "BuyElectro"
                                }
                                game:GetService("ReplicatedStorage").Remotes.CommF_:InvokeServer(unpack(args))
                            end
                            if game.Players.LocalPlayer.Backpack:FindFirstChild("Electro") and game.Players.LocalPlayer.Backpack:FindFirstChild("Electro").Level.Value >= 300 then
                                local args = {
                                    [1] = "BuyFishmanKarate"
                                }
                                game:GetService("ReplicatedStorage").Remotes.CommF_:InvokeServer(unpack(args))
                            end
                            if game.Players.LocalPlayer.Character:FindFirstChild("Electro") and game.Players.LocalPlayer.Character:FindFirstChild("Electro").Level.Value >= 300 then
                                local args = {
                                    [1] = "BuyFishmanKarate"
                                }
                                game:GetService("ReplicatedStorage").Remotes.CommF_:InvokeServer(unpack(args))
                            end
